0000000000000000
1110101110000000
0000000000000017
1110000001100110
0000000000000011
1110010001100000
0000000000000004
1110100110000000
0000000000000012
1110010001100000
0000000000000012
1111001110000000
1110010111010000
0000000000000012
1110101110000000
0000000000000002
1110100000010000
0000000000000012
1110010001100000
0000000000000011
1110111110010000
000000000000000a
1110000001100001
0000000000000017
1110000101010111
0000000000000000
1110101110000000
0000000000000017
1110000001100110
0000000000000011
1110010001100000
0000000000000004
1110100110000000
0000000000000012
1110010001100000
0000000000000012
1111001110000000
1110010111010000
0000000000000012
1110101110000000
0000000000000002
1110100000010000
0000000000000012
1110010001100000
0000000000000011
1110111110010000
000000000000000a
1110000001100001
0000000000000017
1110000101010111
0000000000000000
1110101110000000
0000000000000017
1110000001100110
0000000000000011
1110010001100000
0000000000000004
1110100110000000
0000000000000012
1110010001100000
0000000000000012
1111001110000000
1110010111010000
0000000000000012
1110101110000000
0000000000000002
1110100000010000
0000000000000012
1110010001100000
0000000000000011
1110111110010000
000000000000000a
1110000001100001
0000000000000017
1110000101010111
